t0=(-0.5,0.866025)
t1_plus_a1_upup=(0.5,0.866025) (-0.5,0.866025) (0,0) (0.5,-0.866025)
t1_minus_a2_upup=(0.5,0.866025) (0,0) (1,0) (0.5,-0.866025)
t1_plus_a1_dndn=(0.5,0.866025) (-0.5,0.866025) (0,0) (0.5,-0.866025)
t1_minus_a2_dndn=(0.5,0.866025) (0,0) (1,0) (0.5,-0.866025)
t2_upup=(0.5,0.866025) (0,0) (0,0) (0.5,-0.866025)
t2_dndn=(0.5,-0.866025) (0,0) (0,0) (0.5,0.866025)
t3=(0,0) (0,0) (0,0) (0,0)
